505275098560
505275098559
505275098567
505275098566
505275098565
505275098564
505275100083
505275100080
505275100104
505275100101
505275100098
505275100095
505275077934
505275077933
505275077939
505275077938
505275077937
505275077936
505275078135
505275078132
505275078129
505275078126
505275078123
505275110726
505275110727
505275110728
505275110725
505275059101
505275059102
505275059103
505275059100
505275093427
505275093426
505275093425
505275093429
505275093428
505275093445
505275093444
505275093443
505275093442
505275093441
505275083391
505275081594
